280	    5.07335529	1232.616988	1.26114E-07	0.596478985	0.81982104	9.63871E-05	0.001308415
280.1	5.074873095	1233.124399	1.2609E-07	0.596326073	0.819935068	9.6347E-05	0.001308713
280.2	5.076394093	1233.631963	1.26067E-07	0.596172994	0.820049796	9.63069E-05	0.001309011
280.3	5.077918295	1234.139678	1.26043E-07	0.596019748	0.820165227	9.62667E-05	0.001309309
280.4	5.079445711	1234.647546	1.26019E-07	0.595866335	0.820281361	9.62267E-05	0.001309608
280.5	5.080976351	1235.155568	1.25996E-07	0.595712754	0.820398201	9.61866E-05	0.001309908
280.6	5.082510227	1235.663742	1.25972E-07	0.595559006	0.820515747	9.61465E-05	0.001310207
280.7	5.084047348	1236.17207	1.25948E-07	0.595405089	0.820634002	9.61064E-05	0.001310508
280.8	5.085587726	1236.680551	1.25925E-07	0.595251005	0.820752965	9.60664E-05	0.001310808
280.9	5.087131371	1237.189187	1.25901E-07	0.595096753	0.82087264	9.60263E-05	0.001311109
281	    5.088678293	1237.697978	1.25877E-07	0.594942333	0.820993027	9.59863E-05	0.00131141
281.1	5.090228505	1238.206923	1.25854E-07	0.594787745	0.821114128	9.59463E-05	0.001311711
281.2	5.091782016	1238.716024	1.2583E-07	0.594632989	0.821235944	9.59063E-05	0.001312013
281.3	5.093338838	1239.22528	1.25807E-07	0.594478064	0.821358476	9.58663E-05	0.001312316
281.4	5.094898981	1239.734691	1.25783E-07	0.594322971	0.821481727	9.58263E-05	0.001312618
281.5	5.096462457	1240.24426	1.2576E-07	0.594167709	0.821605698	9.57864E-05	0.001312921
281.6	5.098029277	1240.753984	1.25737E-07	0.594012279	0.821730389	9.57464E-05	0.001313225
281.7	5.099599452	1241.263865	1.25713E-07	0.59385668	0.821855803	9.57064E-05	0.001313528
281.8	5.101172993	1241.773904	1.2569E-07	0.593700912	0.821981941	9.56665E-05	0.001313832
281.9	5.102749911	1242.2841	1.25666E-07	0.593544975	0.822108805	9.56266E-05	0.001314137
282	    5.104330218	1242.794454	1.25643E-07	0.593388869	0.822236396	9.55867E-05	0.001314442
282.1	5.105913925	1243.304966	1.2562E-07	0.593232594	0.822364715	9.55468E-05	0.001314747
282.2	5.107501043	1243.815637	1.25597E-07	0.593076149	0.822493765	9.55069E-05	0.001315053
282.3	5.109091584	1244.326467	1.25573E-07	0.592919536	0.822623546	9.5467E-05	0.001315359
282.4	5.11068556	1244.837456	1.2555E-07	0.592762753	0.82275406	9.54271E-05	0.001315665
282.5	5.112282982	1245.348604	1.25527E-07	0.5926058	0.822885309	9.53872E-05	0.001315972
282.6	5.113883862	1245.859912	1.25504E-07	0.592448678	0.823017294	9.53474E-05	0.001316279
282.7	5.115488211	1246.371381	1.25481E-07	0.592291386	0.823150017	9.53076E-05	0.001316586
282.8	5.117096042	1246.88301	1.25457E-07	0.592133924	0.82328348	9.52677E-05	0.001316894
282.9	5.118707365	1247.3948	1.25434E-07	0.591976292	0.823417683	9.52279E-05	0.001317202
283	    5.120322193	1247.906752	1.25411E-07	0.59181849	0.82355263	9.51881E-05	0.001317511
283.1	5.121940539	1248.418865	1.25388E-07	0.591660518	0.82368832	9.51483E-05	0.00131782
283.2	5.123562413	1248.93114	1.25365E-07	0.591502376	0.823824756	9.51085E-05	0.001318129
283.3	5.125187828	1249.443577	1.25342E-07	0.591344064	0.823961939	9.50687E-05	0.001318439
283.4	5.126816796	1249.956177	1.25319E-07	0.591185581	0.824099871	9.50289E-05	0.001318749
283.5	5.128449329	1250.468941	1.25296E-07	0.591026928	0.824238554	9.49892E-05	0.00131906
283.6	5.130085439	1250.981867	1.25273E-07	0.590868104	0.82437799	9.49494E-05	0.001319371
283.7	5.13172514	1251.494958	1.25251E-07	0.590709109	0.824518179	9.49097E-05	0.001319682
283.8	5.133368442	1252.008213	1.25228E-07	0.590549944	0.824659123	9.48699E-05	0.001319994
283.9	5.135015359	1252.521632	1.25205E-07	0.590390608	0.824800825	9.48302E-05	0.001320306
284	    5.136665903	1253.035216	1.25182E-07	0.5902311	0.824943285	9.47905E-05	0.001320618
284.1	5.138320086	1253.548965	1.25159E-07	0.590071422	0.825086506	9.47508E-05	0.001320931
284.2	5.139977921	1254.06288	1.25137E-07	0.589911573	0.82523049	9.47111E-05	0.001321244
284.3	5.141639421	1254.576961	1.25114E-07	0.589751552	0.825375237	9.46714E-05	0.001321558
284.4	5.143304599	1255.091208	1.25091E-07	0.58959136	0.82552075	9.46317E-05	0.001321872
284.5	5.144973467	1255.605622	1.25068E-07	0.589430997	0.82566703	9.45921E-05	0.001322187
284.6	5.146646038	1256.120203	1.25046E-07	0.589270462	0.825814079	9.45524E-05	0.001322502
284.7	5.148322325	1256.634951	1.25023E-07	0.589109756	0.825961898	9.45128E-05	0.001322817
284.8	5.150002341	1257.149867	1.25E-07	0.588948878	0.82611049	9.44731E-05	0.001323132
284.9	5.151686099	1257.664952	1.24978E-07	0.588787828	0.826259857	9.44335E-05	0.001323449
285	    5.153373612	1258.180205	1.24955E-07	0.588626606	0.826409999	9.43939E-05	0.001323765
285.1	5.155064894	1258.695627	1.24933E-07	0.588465213	0.826560919	9.43543E-05	0.001324082
285.2	5.156759958	1259.211218	1.2491E-07	0.588303647	0.826712618	9.43147E-05	0.001324399
285.3	5.158458816	1259.726979	1.24888E-07	0.588141909	0.826865099	9.42751E-05	0.001324717
285.4	5.160161482	1260.24291	1.24865E-07	0.587979999	0.827018362	9.42355E-05	0.001325035
285.5	5.161867971	1260.759011	1.24843E-07	0.587817917	0.827172411	9.41959E-05	0.001325353
285.6	5.163578294	1261.275283	1.2482E-07	0.587655662	0.827327246	9.41563E-05	0.001325672
285.7	5.165292467	1261.791727	1.24798E-07	0.587493235	0.827482869	9.41168E-05	0.001325991
285.8	5.167010502	1262.308342	1.24776E-07	0.587330635	0.827639283	9.40772E-05	0.001326311
285.9	5.168732413	1262.825129	1.24753E-07	0.587167863	0.827796489	9.40377E-05	0.001326631
286	    5.170458215	1263.342089	1.24731E-07	0.587004918	0.827954488	9.39981E-05	0.001326952
286.1	5.17218792	1263.859221	1.24709E-07	0.5868418	0.828113284	9.39586E-05	0.001327273
286.2	5.173921543	1264.376526	1.24686E-07	0.58667851	0.828272877	9.39191E-05	0.001327594
286.3	5.175659098	1264.894005	1.24664E-07	0.586515046	0.828433269	9.38796E-05	0.001327916
286.4	5.177400598	1265.411658	1.24642E-07	0.586351409	0.828594463	9.38401E-05	0.001328238
286.5	5.179146059	1265.929486	1.2462E-07	0.5861876	0.82875646	9.38006E-05	0.001328561
286.6	5.180895494	1266.447488	1.24598E-07	0.586023617	0.828919262	9.37611E-05	0.001328884
286.7	5.182648918	1266.965665	1.24575E-07	0.58585946	0.829082871	9.37216E-05	0.001329207
286.8	5.184406345	1267.484018	1.24553E-07	0.585695131	0.829247289	9.36821E-05	0.001329531
286.9	5.186167789	1268.002546	1.24531E-07	0.585530628	0.829412518	9.36426E-05	0.001329855
287	    5.187933265	1268.521251	1.24509E-07	0.585365951	0.82957856	9.36032E-05	0.00133018
287.1	5.189702787	1269.040133	1.24487E-07	0.585201101	0.829745416	9.35637E-05	0.001330505
287.2	5.191476371	1269.559192	1.24465E-07	0.585036077	0.829913089	9.35243E-05	0.00133083
287.3	5.19325403	1270.078428	1.24443E-07	0.584870879	0.830081581	9.34848E-05	0.001331156
287.4	5.19503578	1270.597843	1.24421E-07	0.584705508	0.830250894	9.34454E-05	0.001331483
287.5	5.196821636	1271.117436	1.24399E-07	0.584539962	0.830421029	9.3406E-05	0.00133181
287.6	5.198611612	1271.637207	1.24377E-07	0.584374243	0.830591988	9.33666E-05	0.001332137
287.7	5.200405724	1272.157158	1.24355E-07	0.58420835	0.830763775	9.33272E-05	0.001332464
287.8	5.202203987	1272.677289	1.24333E-07	0.584042282	0.830936389	9.32878E-05	0.001332793
287.9	5.204006416	1273.197599	1.24311E-07	0.58387604	0.831109835	9.32484E-05	0.001333121
288	    5.205813026	1273.71809	1.2429E-07	0.583709624	0.831284113	9.3209E-05	0.00133345
288.1	5.207623833	1274.238762	1.24268E-07	0.583543034	0.831459226	9.31696E-05	0.001333779
288.2	5.209438852	1274.759615	1.24246E-07	0.583376269	0.831635175	9.31302E-05	0.001334109
288.3	5.211258098	1275.28065	1.24224E-07	0.583209329	0.831811964	9.30909E-05	0.001334439
288.4	5.213081588	1275.801867	1.24202E-07	0.583042215	0.831989593	9.30515E-05	0.00133477
288.5	5.214909336	1276.323266	1.24181E-07	0.582874927	0.832168066	9.30121E-05	0.001335101
288.6	5.21674136	1276.844849	1.24159E-07	0.582707463	0.832347383	9.29728E-05	0.001335433
288.7	5.218577674	1277.366615	1.24137E-07	0.582539825	0.832527548	9.29335E-05	0.001335765
288.8	5.220418294	1277.888564	1.24116E-07	0.582372012	0.832708562	9.28941E-05	0.001336097
288.9	5.222263237	1278.410698	1.24094E-07	0.582204024	0.832890427	9.28548E-05	0.00133643
289	    5.224112518	1278.933017	1.24072E-07	0.582035861	0.833073146	9.28155E-05	0.001336764
289.1	5.225966155	1279.455521	1.24051E-07	0.581867523	0.833256721	9.27762E-05	0.001337097
289.2	5.227824162	1279.978211	1.24029E-07	0.581699009	0.833441153	9.27368E-05	0.001337432
289.3	5.229686558	1280.501086	1.24008E-07	0.581530321	0.833626446	9.26975E-05	0.001337766
289.4	5.231553357	1281.024148	1.23986E-07	0.581361457	0.833812601	9.26582E-05	0.001338101
289.5	5.233424576	1281.547397	1.23965E-07	0.581192418	0.833999621	9.26189E-05	0.001338437
289.6	5.235300233	1282.070833	1.23943E-07	0.581023203	0.834187507	9.25797E-05	0.001338773
289.7	5.237180344	1282.594457	1.23922E-07	0.580853813	0.834376262	9.25404E-05	0.001339109
289.8	5.239064925	1283.118269	1.239E-07	0.580684248	0.834565888	9.25011E-05	0.001339446
289.9	5.240953994	1283.64227	1.23879E-07	0.580514506	0.834756387	9.24618E-05	0.001339784
290	    5.242847568	1284.16646	1.23857E-07	0.580344589	0.834947763	9.24226E-05	0.001340122
290.1	5.244745663	1284.69084	1.23836E-07	0.580174497	0.835140016	9.23833E-05	0.00134046
290.2	5.246648297	1285.21541	1.23815E-07	0.580004228	0.835333149	9.23441E-05	0.001340799
290.3	5.248555487	1285.74017	1.23793E-07	0.579833784	0.835527164	9.23048E-05	0.001341138
290.4	5.250467251	1286.265121	1.23772E-07	0.579663163	0.835722065	9.22656E-05	0.001341478
290.5	5.252383606	1286.790263	1.23751E-07	0.579492367	0.835917852	9.22263E-05	0.001341818
290.6	5.254304569	1287.315598	1.2373E-07	0.579321394	0.836114529	9.21871E-05	0.001342158
290.7	5.256230158	1287.841124	1.23708E-07	0.579150246	0.836312098	9.21479E-05	0.001342499
290.8	5.258160392	1288.366844	1.23687E-07	0.578978921	0.836510561	9.21086E-05	0.001342841
290.9	5.260095287	1288.892757	1.23666E-07	0.57880742	0.83670992	9.20694E-05	0.001343183
291	    5.262034862	1289.418863	1.23645E-07	0.578635743	0.836910178	9.20302E-05	0.001343525
291.1	5.263979134	1289.945164	1.23624E-07	0.578463889	0.837111338	9.1991E-05	0.001343868
291.2	5.265928123	1290.471659	1.23603E-07	0.578291859	0.837313401	9.19518E-05	0.001344212
291.3	5.267881845	1290.99835	1.23582E-07	0.578119652	0.83751637	9.19126E-05	0.001344555
291.4	5.26984032	1291.525236	1.23561E-07	0.577947269	0.837720247	9.18734E-05	0.0013449
291.5	5.271803566	1292.052318	1.23539E-07	0.577774709	0.837925036	9.18342E-05	0.001345245
291.6	5.273771601	1292.579596	1.23518E-07	0.577601973	0.838130737	9.1795E-05	0.00134559
291.7	5.275744445	1293.107072	1.23497E-07	0.577429059	0.838337355	9.17558E-05	0.001345936
291.8	5.277722115	1293.634746	1.23476E-07	0.577255969	0.838544891	9.17167E-05	0.001346282
291.9	5.279704631	1294.162617	1.23456E-07	0.577082702	0.838753348	9.16775E-05	0.001346629
292	    5.281692011	1294.690687	1.23435E-07	0.576909259	0.838962728	9.16383E-05	0.001346976
292.1	5.283684275	1295.218955	1.23414E-07	0.576735638	0.839173034	9.15992E-05	0.001347324
292.2	5.285681442	1295.747424	1.23393E-07	0.57656184	0.839384269	9.156E-05	0.001347672
292.3	5.287683531	1296.276092	1.23372E-07	0.576387865	0.839596434	9.15208E-05	0.00134802
292.4	5.289690562	1296.804961	1.23351E-07	0.576213714	0.839809533	9.14817E-05	0.00134837
292.5	5.291702553	1297.33403	1.2333E-07	0.576039385	0.840023568	9.14425E-05	0.001348719
292.6	5.293719525	1297.863301	1.23309E-07	0.575864878	0.840238542	9.14034E-05	0.001349069
292.7	5.295741497	1298.392774	1.23289E-07	0.575690195	0.840454457	9.13642E-05	0.00134942
292.8	5.29776849	1298.92245	1.23268E-07	0.575515334	0.840671316	9.13251E-05	0.001349771
292.9	5.299800522	1299.452328	1.23247E-07	0.575340296	0.840889121	9.1286E-05	0.001350123
293	    5.301837614	1299.98241	1.23227E-07	0.57516508	0.841107875	9.12468E-05	0.001350475
293.1	5.303879787	1300.512696	1.23206E-07	0.574989687	0.841327582	9.12077E-05	0.001350827
293.2	5.30592706	1301.043186	1.23185E-07	0.574814116	0.841548243	9.11686E-05	0.00135118
293.3	5.307979453	1301.573881	1.23165E-07	0.574638368	0.841769861	9.11295E-05	0.001351534
293.4	5.310036988	1302.104782	1.23144E-07	0.574462442	0.841992439	9.10903E-05	0.001351888
293.5	5.312099685	1302.635889	1.23123E-07	0.574286338	0.84221598	9.10512E-05	0.001352243
293.6	5.314167564	1303.167202	1.23103E-07	0.574110057	0.842440486	9.10121E-05	0.001352598
293.7	5.316240647	1303.698723	1.23082E-07	0.573933598	0.84266596	9.0973E-05	0.001352953
293.8	5.318318955	1304.230451	1.23062E-07	0.573756961	0.842892405	9.09339E-05	0.001353309
293.9	5.320402508	1304.762387	1.23041E-07	0.573580147	0.843119824	9.08948E-05	0.001353666
294	    5.322491327	1305.294531	1.23021E-07	0.573403154	0.843348219	9.08557E-05	0.001354023
294.1	5.324585434	1305.826885	1.23E-07	0.573225983	0.843577594	9.08166E-05	0.001354381
294.2	5.326684851	1306.359448	1.2298E-07	0.573048635	0.843807951	9.07775E-05	0.001354739
294.3	5.328789599	1306.892222	1.22959E-07	0.572871108	0.844039292	9.07384E-05	0.001355097
294.4	5.3308997	1307.425207	1.22939E-07	0.572693403	0.844271622	9.06993E-05	0.001355457
294.5	5.333015175	1307.958402	1.22919E-07	0.572515521	0.844504942	9.06602E-05	0.001355816
294.6	5.335136047	1308.49181	1.22898E-07	0.57233746	0.844739256	9.06211E-05	0.001356176
294.7	5.337262337	1309.02543	1.22878E-07	0.57215922	0.844974566	9.0582E-05	0.001356537
294.8	5.339394067	1309.559262	1.22858E-07	0.571980803	0.845210876	9.05429E-05	0.001356898
294.9	5.341531261	1310.093309	1.22837E-07	0.571802207	0.845448188	9.05038E-05	0.00135726
295	    5.34367394	1310.627569	1.22817E-07	0.571623433	0.845686505	9.04648E-05	0.001357622
295.1	5.345822128	1311.162044	1.22797E-07	0.571444481	0.845925831	9.04257E-05	0.001357985
295.2	5.347975846	1311.696733	1.22777E-07	0.57126535	0.846166168	9.03866E-05	0.001358348
295.3	5.350135117	1312.231639	1.22756E-07	0.57108604	0.846407519	9.03475E-05	0.001358712
295.4	5.352299965	1312.766761	1.22736E-07	0.570906552	0.846649888	9.03085E-05	0.001359077
295.5	5.354470413	1313.302099	1.22716E-07	0.570726886	0.846893277	9.02694E-05	0.001359442
295.6	5.356646484	1313.837655	1.22696E-07	0.570547041	0.847137689	9.02303E-05	0.001359807
295.7	5.3588282	1314.373429	1.22676E-07	0.570367017	0.847383128	9.01912E-05	0.001360173
295.8	5.361015587	1314.909421	1.22656E-07	0.570186815	0.847629597	9.01522E-05	0.001360539
295.9	5.363208667	1315.445632	1.22636E-07	0.570006434	0.847877098	9.01131E-05	0.001360906
296	    5.365407464	1315.982063	1.22615E-07	0.569825875	0.848125635	9.0074E-05	0.001361274
296.1	5.367612003	1316.518714	1.22595E-07	0.569645136	0.848375211	9.0035E-05	0.001361642
296.2	5.369822306	1317.055585	1.22575E-07	0.569464219	0.848625829	8.99959E-05	0.001362011
296.3	5.372038399	1317.592678	1.22555E-07	0.569283123	0.848877493	8.99568E-05	0.00136238
296.4	5.374260306	1318.129993	1.22535E-07	0.569101848	0.849130205	8.99178E-05	0.00136275
296.5	5.376488051	1318.667531	1.22515E-07	0.568920394	0.849383969	8.98787E-05	0.00136312
296.6	5.378721659	1319.205291	1.22496E-07	0.568738762	0.849638788	8.98397E-05	0.001363491
296.7	5.380961154	1319.743275	1.22476E-07	0.56855695	0.849894665	8.98006E-05	0.001363862
296.8	5.383206563	1320.281483	1.22456E-07	0.568374959	0.850151604	8.97615E-05	0.001364234
296.9	5.385457908	1320.819917	1.22436E-07	0.568192789	0.850409608	8.97225E-05	0.001364607
297	    5.387715217	1321.358575	1.22416E-07	0.568010441	0.85066868	8.96834E-05	0.00136498
297.1	5.389978514	1321.89746	1.22396E-07	0.567827913	0.850928823	8.96444E-05	0.001365353
297.2	5.392247825	1322.436571	1.22376E-07	0.567645206	0.851190041	8.96053E-05	0.001365728
297.3	5.394523176	1322.97591	1.22357E-07	0.56746232	0.851452337	8.95662E-05	0.001366102
297.4	5.396804592	1323.515476 1.22337E-07	0.567279254	0.851715715	8.95272E-05	0.001366478
297.5	5.399092099	1324.055271	1.22317E-07	0.56709601	0.851980178	8.94881E-05	0.001366853
297.6	5.401385724	1324.595295	1.22297E-07	0.566912586	0.85224573	8.94491E-05	0.00136723
297.7	5.403685493	1325.135548	1.22278E-07	0.566728983	0.852512373	8.941E-05	0.001367607
297.8	5.405991432	1325.676032	1.22258E-07	0.566545201	0.852788.93709E-05	0.001367984
297.9	5.408303567	1326.216747	1.22238E-07	0.566361239	0.85304895	8.93319E-05	0.001368362
298	    5.410621927	1326.757693	1.22219E-07	0.566177098	0.85331889	8.92928E-05	0.001368741
298.1	5.412946537	1327.298871	1.22199E-07	0.565992777	0.853589936	8.92537E-05	0.00136912
298.2	5.415277425	1327.840282	1.2218E-07	0.565808278	0.853862091	8.92147E-05	0.0013695
298.3	5.417614618	1328.381927	1.2216E-07	0.565623598	0.85413536	8.91756E-05	0.001369881
298.4	5.419958143	1328.923805	1.2214E-07	0.56543874	0.854409745	8.91365E-05	0.001370262
298.5	5.422308029	1329.465919	1.22121E-07	0.565253701	0.85468525	8.90975E-05	0.001370643
298.6	5.424664302	1330.008267	1.22101E-07	0.565068484	0.85496188	8.90584E-05	0.001371025
298.7	5.427026992	1330.550852	1.22082E-07	0.564883087	0.855239637	8.90193E-05	0.001371408
298.8	5.429396125	1331.093673	1.22062E-07	0.56469751	0.855518525	8.89803E-05	0.001371791
298.9	5.43177173	1331.636731	1.22043E-07	0.564511753	0.855798549	8.89412E-05	0.001372175
299	    5.434153836	1332.180027	1.22023E-07	0.564325817	0.856079711	8.89021E-05	0.00137256
299.1	5.436542471	1332.723562	1.22004E-07	0.564139702	0.856362015	8.88631E-05	0.001372945
299.2	5.438937665	1333.267336	1.21985E-07	0.563953406	0.856645466	8.8824E-05	0.00137333
299.3	5.441339445	1333.81135	1.21965E-07	0.563766932	0.856930067	8.87849E-05	0.001373717
299.4	5.443747842	1334.355604	1.21946E-07	0.563580277	0.857215821	8.87458E-05	0.001374104
299.5	5.446162885	1334.9001	1.21927E-07	0.563393443	0.857502734	8.87068E-05	0.001374491
299.6	5.448584602	1335.44483  1.21907E-07	0.563206428	0.857790808	8.86677E-05	0.001374879
299.7	5.451013025	1335.989817	1.21888E-07	0.563019235	0.858080047	8.86286E-05	0.001375268
299.8	5.453448182	1336.53504	1.21869E-07	0.562831861	0.858370456	8.85895E-05	0.001375657
299.9	5.455890104	1337.080507	1.21850E-07	0.562644308	0.858662038	8.85504E-05	0.001376047
300	    5.458338822	1337.626218	1.21830E-07	0.562456574	0.858954798	8.85113E-05	0.001376437
300.1	5.460794365	1338.172175	1.21811E-07	0.562268661	0.859248738	8.84722E-05	0.001376828
300.2	5.463256764	1338.718377	1.21792E-07	0.562080568	0.859543864	8.84331E-05	0.00137722
300.3	5.46572605	1339.264826	1.21773E-07	0.561892296	0.85984018	8.8394E-05	0.001377612
300.4	5.468202254	1339.811523	1.21754E-07	0.561703843	0.860137688	8.83549E-05	0.001378005
300.5	5.470685408	1340.358467	1.21734E-07	0.56151521	0.860436395	8.83158E-05	0.001378399
300.6	5.473175542	1340.90566	1.21715E-07	0.561326398	0.860736302	8.82767E-05	0.001378793
300.7	5.475672689	1341.45310 1.21696E-07	0.561137406	0.861037416	8.82376E-05	0.001379188
300.8	5.47817688	1342.000795	1.21677E-07	0.560948233	0.861339739	8.81985E-05	0.001379583
300.9	5.480688147	1342.548738	1.21658E-07	0.560758881	0.861643276	8.81594E-05	0.001379979
301	    5.483206522	1343.096933	1.21639E-07	0.560569349	0.861948032	8.81203E-05	0.001380376
301.1	5.485732039	1343.645379	1.2162E-07	0.560379636	0.86225401	8.80812E-05	0.001380773
301.2	5.488264729	1344.194079	1.21601E-07	0.560189744	0.862561215	8.8042E-05	0.001381171
301.3	5.490804625	1344.743033	1.21582E-07	0.559999671	0.862869651	8.80029E-05	0.00138157
301.4	5.493351761	1345.29224	1.21563E-07	0.559809419	0.863179322	8.79638E-05	0.001381969
301.5	5.495906169	1345.841703	1.21544E-07	0.559618986	0.863490233	8.79246E-05	0.001382369
301.6	5.498467884	1346.391422	1.21525E-07	0.559428374	0.863802388	8.78855E-05	0.001382769
301.7	5.501036938	1346.941397	1.21506E-07	0.559237581	0.864115792	8.78464E-05	0.00138317
301.8	5.503613366	1347.49163	1.21488E-07	0.559046608	0.864430448	8.78072E-05	0.001383572
301.9	5.506197201	1348.04212	1.21469E-07	0.558855456	0.864746362	8.77681E-05	0.001383974
302	    5.508788479	1348.592869	1.2145E-07	0.558664123	0.865063538	8.77289E-05	0.001384377
302.1	5.511387234	1349.143878	1.21431E-07	0.558472609	0.86538198	8.76897E-05	0.001384781
302.2	5.5139935	1349.695147	1.21412E-07	0.558280916	0.865701693	8.76506E-05	0.001385185
302.3	5.516607312	1350.246677	1.21394E-07	0.558089043	0.866022681	8.76114E-05	0.00138559
302.4	5.519228706	1350.798469	1.21375E-07	0.557896989	0.86634495	8.75722E-05	0.001385996
302.5	5.521857718	1351.350523	1.21356E-07	0.557704755	0.866668503	8.75331E-05	0.001386402
302.6	5.524494382	1351.90284	1.21337E-07	0.557512341	0.866993345	8.74939E-05	0.001386809
302.7	5.527138735	1352.45542 1.21319E-07	0.557319747	0.867319482	8.74547E-05	0.001387217
302.8	5.529790813	1353.008268	1.213E-07	0.557126973	0.867646917	8.74155E-05	0.001387625
302.9	5.532450652	1353.56138	1.21281E-07	0.556934018	0.867975656	8.73763E-05	0.001388034
303	    5.535118288	1354.114759	1.21263E-07	0.556740883	0.868305703	8.73371E-05	0.001388444
303.1	5.53779376	1354.668404	1.21244E-07	0.556547568	0.868637063	8.72979E-05	0.001388854
303.2	5.540477104	1355.222318	1.21225E-07	0.556354073	0.868969741	8.72587E-05	0.001389265
303.3	5.543168356	1355.7765	1.21207E-07	0.556160397	0.869303742	8.72195E-05	0.001389677
303.4	5.545867556	1356.330952	1.21188E-07	0.555966541	0.869639071	8.71803E-05	0.001390089
303.5	5.54857474	1356.885674	1.2117E-07	0.555772505	0.869975732	8.7141E-05	0.001390502
303.6	5.551289946	1357.440667	1.21151E-07	0.555578288	0.870313731	8.71018E-05	0.001390916
303.7	5.554013214	1357.995932	1.21133E-07	0.555383892	0.870653072	8.70626E-05	0.00139133
303.8	5.556744581	1358.55147	1.21114E-07	0.555189314	0.870993761	8.70233E-05	0.001391745
303.9	5.559484087	1359.107281	1.21096E-07	0.554994557	0.871335803	8.69841E-05	0.001392161
304	    5.56223177	1359.663367	1.21077E-07	0.554799619	0.871679202	8.69448E-05	0.001392577
304.1	5.56498767	1360.219728	1.21059E-07	0.554604501	0.872023964	8.69056E-05	0.001392994
304.2	5.567751827	1360.776365	1.21041E-07	0.554409203	0.872370095	8.68663E-05	0.001393412
304.3	5.57052428	1361.333279	1.21022E-07	0.554213724	0.872717598	8.6827E-05	0.001393831
304.4	5.573305069	1361.89047	1.21004E-07	0.554018065	0.87306648	8.67877E-05	0.00139425
304.5	5.576094235	1362.44794	1.20985E-07	0.553822226	0.873416746	8.67485E-05	0.00139467
304.6	5.578891819	1363.005689	1.20967E-07	0.553626206	0.8737684	8.67092E-05	0.001395091
304.7	5.581697861	1363.563718	1.20949E-07	0.553430006	0.874121449	8.66699E-05	0.001395512
304.8	5.584512403	1364.122029	1.20931E-07	0.553233625	0.874475898	8.66306E-05	0.001395934
304.9	5.587335486	1364.680621	1.20912E-07	0.553037065	0.874831752	8.65913E-05	0.001396357
305	    5.590167152	1365.239496	1.20894E-07	0.552840323	0.875189017	8.65519E-05	0.00139678
305.1	5.593007444	1365.798655	1.20876E-07	0.552643402	0.875547697	8.65126E-05	0.001397204
305.2	5.595856402	1366.358098	1.20858E-07	0.5524463	0.875907799	8.64733E-05	0.001397629
305.3	5.598714071	1366.917827	1.20839E-07	0.552249017	0.876269328	8.64339E-05	0.001398055
305.4	5.601580492	1367.47784 1.20821E-07	0.552051554	0.87663229	8.63946E-05	0.001398481
305.5	5.60445571	1368.038143	1.20803E-07	0.551853911	0.87699669	8.63552E-05	0.001398908
305.6	5.607339767	1368.598733	1.20785E-07	0.551656087	0.877362534	8.63159E-05	0.001399336
305.7	5.610232708	1369.159611	1.20767E-07	0.551458083	0.877729827	8.62765E-05	0.001399765
305.8	5.613134576	1369.720779	1.20749E-07	0.551259899	0.878098576	8.62371E-05	0.001400194
305.9	5.616045416	1370.282238	1.20731E-07	0.551061534	0.878468786	8.61977E-05	0.001400624
306	    5.618965273	1370.843989	1.20713E-07	0.550862989	0.878840463	8.61583E-05	0.001401055
306.1	5.621894191	1371.406032	1.20695E-07	0.550664263	0.879213613	8.61189E-05	0.001401486
306.2	5.624832216	1371.968368	1.20676E-07	0.550465357	0.879588241	8.60795E-05	0.001401919
306.3	5.627779394	1372.53099 1.20658E-07	0.55026627	0.879964354	8.60401E-05	0.001402352
306.4	5.63073577	1373.093924	1.2064E-07	0.550067003	0.880341958	8.60007E-05	0.001402785
306.5	5.633701391	1373.657146	1.20623E-07	0.549867556	0.880721058	8.59612E-05	0.00140322
306.6	5.636676302	1374.220665	1.20605E-07	0.549667928	0.881101661	8.59218E-05	0.001403655
306.7	5.639660552	1374.784482	1.20587E-07	0.549468119	0.881483773	8.58823E-05	0.001404091
306.8	5.642654187	1375.348597	1.20569E-07	0.549268131	0.881867399	8.58429E-05	0.001404528
306.9	5.645657255	1375.913013	1.20551E-07	0.549067961	0.882252547	8.58034E-05	0.001404966
307	    5.648669804	1376.477729	1.20533E-07	0.548867612	0.882639222	8.57639E-05	0.001405404
307.1	5.651691881	1377.042747	1.20515E-07	0.548667081	0.88302743	8.57244E-05	0.001405843
307.2	5.654723536	1377.608068	1.20497E-07	0.548466371	0.883417178	8.56849E-05	0.001406283
307.3	5.657764817	1378.173692	1.20479E-07	0.54826548	0.883808472	8.56454E-05	0.001406723
307.4	5.660815773	1378.739621	1.20462E-07	0.548064408	0.884201319	8.56059E-05	0.001407165
307.5	5.663876455	1379.305855	1.20444E-07	0.547863156	0.884595725	8.55664E-05	0.001407607
307.6	5.666946911	1379.872397	1.20426E-07	0.547661723	0.884991696	8.55268E-05	0.00140805
307.7	5.670027192	1380.439245	1.20408E-07	0.54746011	0.885389239	8.54873E-05	0.001408494
307.8	5.673117349	1381.006402	1.20391E-07	0.547258317	0.885788361	8.54477E-05	0.001408938
307.9	5.676217433	1381.573869	1.20373E-07	0.547056343	0.886189068	8.54082E-05	0.001409384
308	    5.679327495	1382.141646	1.20355E-07	0.546854188	0.886591367	8.53686E-05	0.00140983
308.1	5.682447586	1382.709735	1.20338E-07	0.546651854	0.886995264	8.5329E-05	0.001410277
308.2	5.685577758	1383.278136	1.2032E-07	0.546449338	0.887400767	8.52894E-05	0.001410724
308.3	5.688718065	1383.846851	1.20302E-07	0.546246642	0.887807881	8.52498E-05	0.001411173
308.4	5.691868559	1384.41588	1.20285E-07	0.546043766	0.888216615	8.52102E-05	0.001411622
308.5	5.695029293	1384.985225	1.20267E-07	0.545840709	0.888626974	8.51706E-05	0.001412072
308.6	5.69820032	1385.55488	1.20249E-07	0.545637472	0.889038966	8.51309E-05	0.001412523
308.7	5.701381694	1386.124865	1.20232E-07	0.545434054	0.889452598	8.50913E-05	0.001412975
308.8	5.70457347	1386.695163	1.20214E-07	0.545230455	0.889867877	8.50516E-05	0.001413428
308.9	5.707775702	1387.26578	1.20197E-07	0.545026676	0.890284809	8.50119E-05	0.001413881
309	    5.710988446	1387.836718	1.20179E-07	0.544822717	0.890703403	8.49722E-05	0.001414335
309.1	5.714211757	1388.407978	1.20162E-07	0.544618577	0.891123665	8.49325E-05	0.001414791
309.2	5.71744569	1388.979561	1.20144E-07	0.544414257	0.891545602	8.48928E-05	0.001415246
309.3	5.720690302	1389.55146	1.20127E-07	0.544209756	0.891969222	8.48531E-05	0.001415703
309.4	5.72394565	1390.123699	1.20109E-07	0.544005075	0.892394532	8.48134E-05	0.001416161
309.5	5.727211791	1390.696257	1.20092E-07	0.543800213	0.892821539	8.47736E-05	0.001416619
309.6	5.730488782	1391.269142	1.20075E-07	0.54359517	0.893250251	8.47339E-05	0.001417078
309.7	5.733776681	1391.842355	1.20057E-07	0.543389947	0.893680676	8.46941E-05	0.001417539
309.8	5.737075546	1392.415898	1.2004E-07	0.543184544	0.894112821	8.46543E-05	0.001417999
309.9	5.740385437	1392.989771	1.20022E-07	0.54297896	0.894546693	8.46145E-05	0.001418461
310	    5.743706412	1393.563975	1.20005E-07	0.542773195	0.894982301	8.45747E-05	0.001418924
310.1	5.74703853	1394.138512	1.19988E-07	0.54256725	0.895419652	8.45349E-05	0.001419387
310.2	5.750381853	1394.713383	1.1997E-07	0.542361125	0.895858753	8.44951E-05	0.001419852
310.3	5.75373644	1395.288589	1.19953E-07	0.542154819	0.896299613	8.44552E-05	0.001420317
310.4	5.757102353	1395.864131	1.19936E-07	0.541948332	0.89674224	8.44154E-05	0.001420783
310.5	5.760479653	1396.44001	1.19919E-07	0.541741665	0.89718664	8.43755E-05	0.00142125
310.6	5.763868401	1397.016227	1.19901E-07	0.541534817	0.897632824	8.43356E-05	0.001421718
310.7	5.76726866	1397.592784	1.19884E-07	0.541327789	0.898080798	8.42957E-05	0.001422187
310.8	5.770680492	1398.169682	1.19867E-07	0.54112058	0.89853057	8.42558E-05	0.001422656
310.9	5.774103962	1398.746921	1.1985E-07	0.540913191	0.898982149	8.42159E-05	0.001423127
311	    5.777539132	1399.324503	1.19833E-07	0.540705621	0.899435544	8.4176E-05	0.001423598
311.1	5.780986066	1399.902429	1.19816E-07	0.54049787	0.899890761	8.4136E-05	0.001424071
311.2	5.78444483	1400.4807	1.19798E-07	0.540289939	0.900347811	8.4096E-05	0.001424544
311.3	5.787915488	1401.059318	1.19781E-07	0.540081828	0.9008067	8.40561E-05	0.001425018
311.4	5.791398106	1401.638284	1.19764E-07	0.539873536	0.901267438	8.40161E-05	0.001425493
311.5	5.79489275	1402.217598	1.19747E-07	0.539665063	0.901730033	8.3976E-05	0.001425969
311.6	5.798399487	1402.797263	1.1973E-07	0.53945641	0.902194494	8.3936E-05	0.001426446
311.7	5.801918384	1403.377279	1.19713E-07	0.539247576	0.90266083	8.3896E-05	0.001426923
311.8	5.805449507	1403.957647	1.19696E-07	0.539038561	0.903129048	8.38559E-05	0.001427402
311.9	5.808992927	1404.53836	1.19679E-07	0.538829366	0.903599159	8.38159E-05	0.001427882
312	    5.81254871	1405.119446	1.19662E-07	0.538619991	0.904071171	8.37758E-05	0.001428362
312.1	5.816116926	1405.700879	1.19645E-07	0.538410435 0.904545092	8.37357E-05	0.001428843
312.2	5.819697645	1406.28267	1.19628E-07	0.538200698	0.905020932	8.36956E-05	0.001429326
312.3	5.823290937	1406.864819	1.19611E-07	0.53799078	0.9054987	8.36554E-05	0.001429809
312.4	5.826896873	1407.447328	1.19594E-07	0.537780682	0.905978405	8.36153E-05	0.001430293
312.5	5.830515524	1408.030199	1.19577E-07	0.537570404	0.906460057	8.35751E-05	0.001430778
312.6	5.834146961	1408.613432	1.19561E-07	0.537359945	0.906943663	8.3535E-05	0.001431265
312.7	5.837791258	1409.197029	1.19544E-07	0.537149305	0.907429235	8.34948E-05	0.001431752
312.8	5.841448486	1409.78099	1.19527E-07	0.536938484	0.907916781	8.34546E-05	0.00143224
312.9	5.84511872	1410.365319	1.1951E-07	0.536727483	0.908406311	8.34143E-05	0.001432729
313	    5.848802034	1410.950015	1.19493E-07	0.536516302	0.908897834	8.33741E-05	0.001433218
313.1	5.852498502	1411.53508	1.19476E-07	0.536304939 0.90939136	8.33338E-05	0.001433709
313.2	5.856208199	1412.120515	1.1946E-07	0.536093396	0.909886899	8.32935E-05	0.001434201
313.3	5.859931201	1412.706322	1.19443E-07	0.535881672	0.91038446	8.32533E-05	0.001434694
313.4	5.863667585	1413.292501	1.19426E-07	0.535669768	0.910884054	8.32129E-05	0.001435188
313.5	5.867417427	1413.879056	1.19409E-07	0.535457683	0.91138569	8.31726E-05	0.001435683
313.6	5.871180805	1414.465985	1.19393E-07	0.535245417	0.911889378	8.31323E-05	0.001436178
313.7	5.874957798	1415.053292	1.19376E-07	0.535032971	0.912395129	8.30919E-05	0.001436675
313.8	5.878748483	1415.640977	1.19359E-07	0.534820344	0.912902952	8.30515E-05	0.001437173
313.9	5.882552941	1416.229042	1.19343E-07	0.534607536	0.913412858	8.30111E-05	0.001437672
314	    5.886371252	1416.817488	1.19326E-07	0.534394548	0.913924858	8.29707E-05	0.001438172
314.1	5.890203495	1417.406317	1.1931E-07	0.53418137  0.914438961	8.29303E-05	0.001438672
314.2	5.894049753	1417.99553	1.19293E-07	0.533968029	0.914955178	8.28898E-05	0.001439174
314.3	5.897910107	1418.58512	1.19276E-07	0.533754498	0.915473519	8.28494E-05	0.001439677
314.4	5.90178464	1419.175112	1.1926E-07	0.533540787	0.915993996	8.28089E-05	0.001440181
314.5	5.905673436	1419.765485	1.19243E-07	0.533326894	0.916516619	8.27684E-05	0.001440686
314.6	5.909576578	1420.356247	1.19227E-07	0.533112822	0.917041399	8.27278E-05	0.001441191
314.7	5.91349415	1420.947401	1.1921E-07	0.532898568	0.917568346	8.26873E-05	0.001441698
314.8	5.917426239	1421.53894	1.19194E-07	0.532684134	0.918097473	8.26467E-05	0.001442206
314.9	5.92137293	1422.130886	1.19177E-07	0.532469518	0.918628789	8.26062E-05	0.001442715
315	    5.925334309	1422.723222	1.19161E-07	0.532254722	0.919162307	8.25655E-05	0.001443225
315.1   5.929310465	1423.315954	1.19144E-07	0.532039746	0.919698036	8.25249E-05	0.001443736
315.2	5.933301485	1423.909084	1.19128E-07	0.531824588	0.92023599	8.24843E-05	0.001444248
315.3	5.937307458	1424.50261	1.19111E-07	0.53160925	0.920776178	8.24436E-05	0.001444762
315.4	5.941328473	1425.096546	1.19095E-07	0.53139373	0.921318614	8.24029E-05	0.001445276
315.5	5.945364622	1425.690881	1.19079E-07	0.53117803	0.921863307	8.23622E-05	0.001445791
315.6	5.949415994	1426.28562	1.19062E-07	0.530962149	0.922410271	8.23215E-05	0.001446307
315.7	5.953482682	1426.880764	1.19046E-07	0.530746087	0.922959517	8.22808E-05	0.001446825
315.8	5.957564778	1427.476317	1.1903E-07	0.530529845	0.923511056	8.224E-05	0.001447343
315.9	5.961662376	1428.072278	1.19013E-07	0.530313421	0.924064902	8.21992E-05	0.001447863
316	    5.965775569	1428.66865	1.18997E-07	0.530096816	0.924621065	8.21584E-05	0.001448384
316.1   5.969904453	1429.265434	1.18981E-07	0.529880031 0.925179559	8.21176E-05	0.001448905
316.2	5.974049122	1429.862631	1.18964E-07	0.529663064	0.925740395	8.20767E-05	0.001449428
316.3	5.978209674	1430.460244	1.18948E-07	0.529445917	0.926303586	8.20359E-05	0.001449952
316.4	5.982386206	1431.058274	1.18932E-07	0.529228589	0.926869144	8.1995E-05	0.001450477
316.5	5.986578815	1431.656722	1.18916E-07	0.529011079	0.927437083	8.19541E-05	0.001451004
316.6	5.990787601	1432.25559	1.18899E-07	0.528793389	0.928007415	8.19131E-05	0.001451531
316.7	5.995012663	1432.85488	1.18883E-07	0.528575517	0.928580152	8.18722E-05	0.001452059
316.8	5.999254103	1433.454593	1.18867E-07	0.528357465	0.929155308	8.18312E-05	0.001452589
316.9	6.00351202	1434.054731	1.18851E-07	0.528139232	0.929732896	8.17902E-05	0.00145312
317	    6.007786519	1434.655296	1.18835E-07	0.527920817	0.930312928	8.17492E-05	0.001453651
317.1	6.012077701	1435.256289	1.18819E-07	0.527702221	0.930895419	8.17081E-05	0.001454184
317.2	6.016385672	1435.857712	1.18803E-07	0.527483445	0.931480382	8.16671E-05	0.001454719
317.3	6.020710535	1436.459567	1.18786E-07	0.527264487	0.932067829	8.1626E-05	0.001455254
317.4	6.025052397	1437.061855	1.1877E-07	0.527045348	0.932657776	8.15848E-05	0.00145579
317.5	6.029411365	1437.664578	1.18754E-07	0.526826028	0.933250235	8.15437E-05	0.001456328
317.6	6.033787547	1438.267738	1.18738E-07	0.526606526	0.93384522	8.15025E-05	0.001456867
317.7	6.03818105	1438.871336	1.18722E-07	0.526386844	0.934442746	8.14613E-05	0.001457407
317.8	6.042591985	1439.475374	1.18706E-07	0.52616698	0.935042827	8.14201E-05	0.001457948
317.9	6.047020462	1440.079855	1.1869E-07	0.525946935	0.935645476	8.13789E-05	0.00145849
318	    6.051466593	1440.684779	1.18674E-07	0.525726708	0.936250708	8.13376E-05	0.001459033
318.1	6.05593049	1441.290149	1.18658E-07	0.525506301	0.936858538	8.12964E-05	0.001459578
318.2	6.060412268	1441.895966	1.18642E-07	0.525285712	0.937468981	8.1255E-05	0.001460124
318.3	6.06491204	1442.502232	1.18627E-07	0.525064942	0.93808205	8.12137E-05	0.001460671
318.4	6.069429921	1443.108949	1.18611E-07	0.52484399	0.938697761	8.11723E-05	0.001461219
318.5	6.07396603	1443.716118	1.18595E-07	0.524622857	0.939316129	8.1131E-05	0.001461769
318.6	6.078520483	1444.323743	1.18579E-07	0.524401542	0.939937169	8.10896E-05	0.00146232
318.7	6.083093399	1444.931823	1.18563E-07	0.524180046	0.940560897	8.10481E-05	0.001462872
318.8	6.087684898	1445.540362	1.18547E-07	0.523958369	0.941187327	8.10067E-05	0.001463425
318.9	6.092295101	1446.149361	1.18531E-07	0.52373651	0.941816476	8.09652E-05	0.001463979
319	    6.09692413	1446.758822	1.18516E-07	0.523514469	0.942448359	8.09236E-05	0.001464535
319.1	6.101572108	1447.368746	1.185E-07	0.523292247	0.943082992	8.08821E-05	0.001465092
319.2	6.106239159	1447.979137	1.18484E-07	0.523069843	0.94372039	8.08405E-05	0.00146565
319.3	6.110925409	1448.589995	1.18468E-07	0.522847257	0.944360571	8.07989E-05	0.001466209
319.4	6.115630984	1449.201322	1.18452E-07	0.52262449	0.94500355	8.07573E-05	0.00146677
319.5	6.120356012	1449.813121	1.18437E-07	0.522401541	0.945649344	8.07157E-05	0.001467332
319.6	6.125100622	1450.425394	1.18421E-07	0.522178411	0.94629797	8.0674E-05	0.001467895
319.7	6.129864944	1451.038142	1.18405E-07	0.521955098	0.946949444	8.06323E-05	0.00146846
319.8	6.13464911	1451.651368	1.1839E-07	0.521731604	0.947603782	8.05906E-05	0.001469026
319.9	6.139453251	1452.265073	1.18374E-07	0.521507928	0.948261003	8.05488E-05	0.001469593
320	    6.144277503	1452.879259	1.18358E-07	0.52128407	0.948921124	8.0507E-05	0.001470161
320.1	6.149121999	1453.493929	1.18343E-07	0.521060029	0.949584161	8.04652E-05	0.001470731
320.2	6.153986877	1454.109084	1.18327E-07	0.520835807	0.950250133	8.04234E-05	0.001471302
320.3	6.158872275	1454.724727	1.18311E-07	0.520611403	0.950919057	8.03815E-05	0.001471874
320.4	6.163778331	1455.340859	1.18296E-07	0.520386817	0.951590951	8.03396E-05	0.001472448
320.5	6.168705185	1455.957483	1.1828E-07	0.520162048	0.952265834	8.02977E-05	0.001473023
320.6	6.17365298	1456.574601	1.18265E-07	0.519937097	0.952943723	8.02557E-05	0.001473599
320.7	6.178621859	1457.192215	1.18249E-07	0.519711964	0.953624636	8.02137E-05	0.001474177
320.8	6.183611966	1457.810326	1.18234E-07	0.519486649	0.954308594	8.01717E-05	0.001474756
320.9	6.188623447	1458.428938	1.18218E-07	0.519261151	0.954995613	8.01296E-05	0.001475336
321	    6.19365645	1459.048052	1.18203E-07	0.519035471	0.955685715	8.00876E-05	0.001475918
321.1	6.198711123	1459.66767	1.18187E-07	0.518809608	0.956378916	8.00454E-05	0.001476501
321.2	6.203787618	1460.287795	1.18172E-07	0.518583563	0.957075238	8.00033E-05	0.001477086
321.3	6.208886085	1460.908428	1.18156E-07	0.518357335	0.957774699	7.99611E-05	0.001477672
321.4	6.214006678	1461.529572	1.18141E-07	0.518130924	0.95847732	7.99189E-05	0.001478259
321.5	6.219149552	1462.15123	1.18125E-07	0.517904331	0.95918312	7.98767E-05	0.001478848
321.6	6.224314864	1462.773403	1.1811E-07	0.517677555	0.959892119	7.98344E-05	0.001479438
321.7	6.229502772	1463.396094	1.18095E-07	0.517450596	0.960604339	7.97921E-05	0.001480029
321.8	6.234713435	1464.019304	1.18079E-07	0.517223453	0.961319799	7.97498E-05	0.001480622
321.9	6.239947014	1464.643037	1.18064E-07	0.516996128	0.96203852	7.97074E-05	0.001481217
322	    6.245203674	1465.267295	1.18049E-07	0.51676862	0.962760524	7.9665E-05	0.001481813
322.1	6.250483577	1465.892079	1.18033E-07	0.516540928	0.963485831	7.96226E-05	0.00148241
322.2	6.255786892	1466.517392	1.18018E-07	0.516313053	0.964214464	7.95802E-05	0.001483008
322.3	6.261113786	1467.143237	1.18003E-07	0.516084995	0.964946443	7.95377E-05	0.001483609
322.4	6.266464428	1467.769616	1.17987E-07	0.515856753	0.965681792	7.94951E-05	0.00148421
322.5	6.271838991	1468.396531	1.17972E-07	0.515628327	0.966420531	7.94526E-05	0.001484813
322.6	6.277237648	1469.023984	1.17957E-07	0.515399718	0.967162684	7.941E-05	0.001485418
322.7	6.282660574	1469.651979	1.17942E-07	0.515170925	0.967908273	7.93674E-05	0.001486024
322.8	6.288107947	1470.280517	1.17927E-07	0.514941948	0.968657321	7.93247E-05	0.001486631
322.9	6.293579946	1470.909601	1.17911E-07	0.514712787	0.969409851	7.9282E-05	0.00148724
323	    6.299076752	1471.539234	1.17896E-07	0.514483442	0.970165887	7.92393E-05	0.001487851
323.1	6.304598547	1472.169418	1.17881E-07	0.514253912	0.970925452	7.91965E-05	0.001488463
323.2	6.310145517	1472.800155	1.17866E-07	0.514024199	0.97168857	7.91537E-05	0.001489076
323.3	6.315717849	1473.431448	1.17851E-07	0.5137943	0.972455266	7.91109E-05	0.001489691
323.4	6.321315732	1474.063299	1.17836E-07	0.513564217	0.973225564	7.9068E-05	0.001490308
323.5	6.326939357	1474.695712	1.17821E-07	0.51333395	0.973999488	7.90251E-05	0.001490926
323.6	6.332588917	1475.328688	1.17806E-07	0.513103497	0.974777065	7.89822E-05	0.001491546
323.7	6.338264609	1475.96223	1.1779E-07	0.512872859	0.975558318	7.89392E-05	0.001492167
323.8	6.343966628	1476.596342	1.17775E-07	0.512642036	0.976343274	7.88962E-05	0.00149279
323.9	6.349695176	1477.231024	1.1776E-07	0.512411028	0.977131959	7.88531E-05	0.001493414
324	    6.355450455	1477.866281	1.17745E-07	0.512179834	0.977924399	7.881E-05	0.00149404
324.1	6.361232668	1478.502115	1.1773E-07	0.511948455	0.97872062	7.87669E-05	0.001494668
324.2	6.367042023	1479.138529	1.17715E-07	0.51171689	0.979520649	7.87237E-05	0.001495297
324.3	6.372878728	1479.775525	1.177E-07	0.511485139	0.980324514	7.86805E-05	0.001495928
324.4	6.378742996	1480.413106	1.17685E-07	0.511253201	0.981132241	7.86373E-05	0.00149656
324.5	6.384635039	1481.051274	1.17671E-07	0.511021077	0.98194386	7.8594E-05	0.001497194
324.6	6.390555076	1481.690033	1.17656E-07	0.510788767	0.982759397	7.85507E-05	0.00149783
324.7	6.396503324	1482.329386	1.17641E-07	0.51055627	0.983578881	7.85073E-05	0.001498467
324.8	6.402480005	1482.969335	1.17626E-07	0.510323586	0.984402342	7.84639E-05	0.001499106
324.9	6.408485343	1483.609883	1.17611E-07	0.510090714	0.985229807	7.84205E-05	0.001499747
325	    6.414519566	1484.251033	1.17596E-07	0.509857655	0.986061308	7.8377E-05	0.001500389
325.1	6.420582903	1484.892788	1.17581E-07	0.509624409 0.986896873	7.83335E-05	0.001501033
325.2	6.426675585	1485.535151	1.17566E-07	0.509390975	0.987736534	7.82899E-05	0.001501679
325.3	6.432797849	1486.178124	1.17552E-07	0.509157353	0.98858032	7.82463E-05	0.001502326
325.4	6.438949932	1486.821711	1.17537E-07	0.508923542	0.989428263	7.82027E-05	0.001502975
325.5	6.445132075	1487.465915	1.17522E-07	0.508689543	0.990280394	7.8159E-05	0.001503626
325.6	6.451344521	1488.110739	1.17507E-07	0.508455355	0.991136745	7.81153E-05	0.001504279
325.7	6.457587519	1488.756185	1.17492E-07	0.508220977	0.991997348	7.80715E-05	0.001504933
325.8	6.463861316	1489.402257	1.17478E-07	0.507986411	0.992862236	7.80277E-05	0.001505589
325.9	6.470166168	1490.048958	1.17463E-07	0.507751654	0.993731442	7.79839E-05	0.001506247
326	    6.476502328	1490.696291	1.17448E-07	0.507516708	0.994605	7.794E-05	0.001506906
326.1	6.482870058	1491.34426	1.17434E-07	0.507281571	0.995482943	7.78961E-05	0.001507568
326.2	6.489269619	1491.992867	1.17419E-07	0.507046244	0.996365305	7.78521E-05	0.001508231
326.3	6.495701278	1492.642115	1.17404E-07	0.506810726	0.997252122	7.78081E-05	0.001508896
326.4	6.502165304	1493.292008	1.1739E-07	0.506575016	0.998143429	7.7764E-05	0.001509562
326.5	6.508661969	1493.942549	1.17375E-07	0.506339115	0.999039262	7.77199E-05	0.001510231
326.6	6.515191549	1494.593741	1.1736E-07	0.506103022	0.999939657	7.76758E-05	0.001510901
326.7	6.521754326	1495.245588	1.17346E-07	0.505866736	1.00084465	7.76316E-05	0.001511573
326.8	6.528350582	1495.898093	1.17331E-07	0.505630258	1.001754279	7.75873E-05	0.001512247
326.9	6.534980604	1496.55126	1.17317E-07	0.505393586	1.002668582	7.7543E-05	0.001512923
327	    6.541644684	1497.205091	1.17302E-07	0.505156721	1.003587597	7.74987E-05	0.001513601
327.1	6.548343116	1497.85959	1.17288E-07	0.504919662	1.004511362	7.74543E-05	0.00151428
327.2	6.5550762	1498.51476	1.17273E-07	0.504682409	1.005439918	7.74099E-05	0.001514962
327.3	6.561844237	1499.170606	1.17259E-07	0.504444961	1.006373303	7.73654E-05	0.001515645
327.4	6.568647535	1499.82713	1.17244E-07	0.504207317	1.007311559	7.73209E-05	0.00151633
327.5	6.575486404	1500.484337	1.1723E-07	0.503969478	1.008254725	7.72764E-05	0.001517017
327.6	6.58236116	1501.142229	1.17215E-07	0.503731442	1.009202845	7.72317E-05	0.001517707
327.7	6.589272122	1501.80081	1.17201E-07	0.503493209	1.01015596	7.71871E-05	0.001518398
327.8	6.596219615	1502.460085	1.17186E-07	0.50325478	1.011114113	7.71424E-05	0.001519091
327.9	6.603203965	1503.120055	1.17172E-07	0.503016152	1.012077347	7.70976E-05	0.001519786
328	    6.610225507	1503.780727	1.17157E-07	0.502777326	1.013045706	7.70528E-05	0.001520483
328.1	6.617284577	1504.442102	1.17143E-07	0.502538301	1.014019236	7.70079E-05	0.001521182
328.2	6.624381518	1505.104185	1.17129E-07	0.502299077	1.01499798	7.6963E-05	0.001521882
328.3	6.631516677	1505.766979	1.17114E-07	0.502059652	1.015981986	7.69181E-05	0.001522585
328.4	6.638690406	1506.430489	1.171E-07	0.501820027	1.0169713	7.68731E-05	0.00152329
328.5	6.645903061	1507.094719	1.17086E-07	0.5015802	1.017965969	7.6828E-05	0.001523997
328.6	6.653155004	1507.759671	1.17071E-07	0.501340172	1.018966041	7.67829E-05	0.001524706
328.7	6.660446602	1508.425351	1.17057E-07	0.50109994	1.019971565	7.67378E-05	0.001525418
328.8	6.667778229	1509.091762	1.17043E-07	0.500859505	1.020982591	7.66925E-05	0.001526131
328.9	6.675150261	1509.758908	1.17029E-07	0.500618866	1.021999169	7.66473E-05	0.001526846
329	    6.682563082	1510.426793	1.17014E-07	0.500378023	1.02302135	7.6602E-05	0.001527563
329.1	6.690017081	1511.095422	1.17E-07	0.500136973	1.024049185	7.65566E-05	0.001528283
329.2	6.697512653	1511.764798	1.16986E-07	0.499895718	1.025082728	7.65112E-05	0.001529004
329.3	6.705050197	1512.434926	1.16972E-07	0.499654255	1.026122031	7.64657E-05	0.001529728
329.4	6.712630121	1513.10581	1.16958E-07	0.499412584	1.02716715	7.64202E-05	0.001530454
329.5	6.720252836	1513.777453	1.16943E-07	0.499170705	1.028218138	7.63746E-05	0.001531182
329.6	6.727918761	1514.449862	1.16929E-07	0.498928615	1.029275053	7.63289E-05	0.001531912
329.7	6.735628321	1515.123039	1.16915E-07	0.498686316	1.03033795	7.62832E-05	0.001532645
329.8	6.743381947	1515.796989	1.16901E-07	0.498443804	1.031406888	7.62375E-05	0.001533379
329.9	6.751180078	1516.471716	1.16887E-07	0.498201081	1.032481925	7.61917E-05	0.001534116
330	    6.759023157	1517.147226	1.16873E-07	0.497958143	1.033563121	7.61458E-05	0.001534855
330.1	6.766911636	1517.823523	1.16859E-07	0.497714992	1.034650537	7.60999E-05	0.001535597
330.2	6.774845973	1518.50061	1.16845E-07	0.497471625	1.035744233	7.60539E-05	0.00153634
330.3	6.782826634	1519.178493	1.16831E-07	0.497228042	1.036844272	7.60078E-05	0.001537086
330.4	6.790854091	1519.857177	1.16817E-07	0.496984241	1.037950718	7.59617E-05	0.001537834
330.5	6.798928823	1520.536666	1.16803E-07	0.496740222	1.039063636	7.59156E-05	0.001538585
330.6	6.807051319	1521.216964	1.16789E-07	0.496495983	1.040183091	7.58694E-05	0.001539338
330.7	6.815222074	1521.898078	1.16775E-07	0.496251523	1.041309149	7.58231E-05	0.001540093
330.8	6.823441591	1522.58001	1.16761E-07	0.49600684	1.04244188	7.57768E-05	0.00154085
330.9	6.83171038	1523.262768	1.16747E-07	0.495761935	1.04358135	7.57304E-05	0.00154161
331	    6.840028961	1523.946354	1.16733E-07	0.495516805	1.044727631	7.56839E-05	0.001542372
331.1	6.848397861	1524.630775	1.16719E-07	0.495271449	1.045880794	7.56374E-05	0.001543137
331.2	6.856817616	1525.316035	1.16705E-07	0.495025866	1.047040911	7.55908E-05	0.001543904
331.3	6.865288771	1526.00214	1.16691E-07	0.494780055	1.048208055	7.55442E-05	0.001544673
331.4	6.87381188	1526.689095	1.16677E-07	0.494534014	1.049382303	7.54974E-05	0.001545445
331.5	6.882387504	1527.376904	1.16663E-07	0.494287741	1.050563729	7.54507E-05	0.00154622
331.6	6.891016215	1528.065574	1.16649E-07	0.494041236	1.051752412	7.54038E-05	0.001546997
331.7	6.899698596	1528.755109	1.16636E-07	0.493794496	1.052948429	7.53569E-05	0.001547776
331.8	6.908435236	1529.445516	1.16622E-07	0.493547521	1.054151863	7.531E-05	0.001548558
331.9	6.917226735	1530.136798	1.16608E-07	0.493300308	1.055362793	7.52629E-05	0.001549342
332	    6.926073705	1530.828963	1.16594E-07	0.493052856	1.056581302	7.52158E-05	0.001550129
332.1   6.934976767	1531.522015	1.16581E-07	0.492805164	1.057807476	7.51687E-05	0.001550919
332.2	6.943936551	1532.21596	1.16567E-07	0.492557229	1.0590414	7.51214E-05	0.001551711
332.3	6.952953699	1532.910804	1.16553E-07	0.49230905	1.060283162	7.50741E-05	0.001552506
332.4	6.962028864	1533.606553	1.16539E-07	0.492060626	1.061532849	7.50268E-05	0.001553303
332.5	6.97116271	1534.303212	1.16526E-07	0.491811954	1.062790554	7.49793E-05	0.001554103
332.6	6.980355912	1535.000787	1.16512E-07	0.491563032	1.064056367	7.49318E-05	0.001554906
332.7	6.989609157	1535.699285	1.16498E-07	0.491313859	1.065330383	7.48842E-05	0.001555711
332.8	6.998923143	1536.398711	1.16485E-07	0.491064433	1.066612696	7.48366E-05	0.001556519
332.9	7.008298581	1537.099072	1.16471E-07	0.490814752	1.067903405	7.47889E-05	0.00155733
333	    7.017736194	1537.800373	1.16457E-07	0.490564813	1.069202607	7.47411E-05	0.001558144
333.1	7.027236717	1538.502621	1.16444E-07	0.490314615	1.070510403	7.46932E-05	0.00155896
333.2	7.036800899	1539.205822	1.1643E-07	0.490064156	1.071826896	7.46453E-05	0.001559779
333.3	7.046429501	1539.909983	1.16417E-07	0.489813432	1.07315219	7.45973E-05	0.001560601
333.4	7.056123299	1540.615111	1.16403E-07	0.489562443	1.074486391	7.45492E-05	0.001561426
333.5	7.065883079	1541.32121	1.16389E-07	0.489311186	1.075829607	7.4501E-05	0.001562253
333.6	7.075709647	1542.028289	1.16376E-07	0.489059659	1.077181948	7.44528E-05	0.001563083
333.7	7.085603817	1542.736354	1.16362E-07	0.488807859	1.078543526	7.44045E-05	0.001563917
333.8	7.095566422	1543.445412	1.16349E-07	0.488555783	1.079914456	7.43561E-05	0.001564753
333.9	7.105598307	1544.15547	1.16335E-07	0.48830343	1.081294852	7.43076E-05	0.001565592
334	    7.115700336	1544.866534	1.16322E-07	0.488050797	1.082684835	7.42591E-05	0.001566434
334.1	7.125873383	1545.578612	1.16308E-07	0.48779788	1.084084524	7.42104E-05	0.001567279
334.2	7.136118343	1546.291711	1.16295E-07	0.487544679	1.085494041	7.41617E-05	0.001568127
334.3	7.146436125	1547.005839	1.16282E-07	0.48729119	1.086913513	7.41129E-05	0.001568978
334.4	7.156827655	1547.721001	1.16268E-07	0.487037409	1.088343066	7.40641E-05	0.001569833
334.5	7.167293874	1548.437207	1.16255E-07	0.486783335	1.08978283	7.40151E-05	0.00157069
334.6	7.177835744	1549.154462	1.16241E-07	0.486528965	1.091232937	7.39661E-05	0.00157155
334.7	7.188454241	1549.872776	1.16228E-07	0.486274296	1.092693522	7.3917E-05	0.001572414
334.8	7.199150362	1550.592156	1.16215E-07	0.486019324	1.094164722	7.38678E-05	0.00157328
334.9	7.209925121	1551.312609	1.16201E-07	0.485764047	1.095646677	7.38185E-05	0.00157415
335	    7.220779551	1552.034144	1.16188E-07	0.485508462	1.097139528	7.37691E-05	0.001575023
335.1	7.231714703	1552.756768	1.16175E-07	0.485252565	1.098643422	7.37197E-05	0.001575899
335.2	7.24273165	1553.480489	1.16161E-07	0.484996354	1.100158506	7.36701E-05	0.001576779
335.3	7.253831484	1554.205317	1.16148E-07	0.484739825	1.101684931	7.36205E-05	0.001577661
335.4	7.265015317	1554.931258	1.16135E-07	0.484482975	1.10322285	7.35708E-05	0.001578547
335.5	7.276284284	1555.658323	1.16122E-07	0.4842258	1.104772419	7.35209E-05	0.001579437
335.6	7.287639538	1556.386518	1.16108E-07	0.483968298	1.106333799	7.3471E-05	0.001580329
335.7	7.299082257	1557.115853	1.16095E-07	0.483710464	1.107907151	7.3421E-05	0.001581226
335.8	7.31061364	1557.846337	1.16082E-07	0.483452295	1.10949264	7.3371E-05	0.001582125
335.9	7.322234909	1558.577979	1.16069E-07	0.483193788	1.111090437	7.33208E-05	0.001583028
336	    7.33394731	1559.310787	1.16056E-07	0.482934938	1.112700712	7.32705E-05	0.001583935
336.1	7.345752111	1560.044772	1.16043E-07	0.482675743	1.114323642	7.32201E-05	0.001584845
336.2	7.357650608	1560.779941	1.16029E-07	0.482416198	1.115959404	7.31697E-05	0.001585758
336.3	7.369644118	1561.516305	1.16016E-07	0.4821563	1.117608181	7.31191E-05	0.001586675
336.4	7.381733986	1562.253873	1.16003E-07	0.481896044	1.119270159	7.30685E-05	0.001587596
336.5	7.393921582	1562.992655	1.1599E-07	0.481635427	1.120945527	7.30177E-05	0.00158852
336.6	7.406208304	1563.732661	1.15977E-07	0.481374445	1.122634477	7.29668E-05	0.001589448
336.7	7.418595574	1564.4739	1.15964E-07	0.481113093	1.124337207	7.29159E-05	0.00159038
336.8	7.431084845	1565.216383	1.15951E-07	0.480851368	1.126053918	7.28648E-05	0.001591316
336.9	7.443677598	1565.96012	1.15938E-07	0.480589266	1.127784812	7.28136E-05	0.001592255
337	    7.456375342	1566.705122	1.15925E-07	0.480326781	1.1295301	7.27624E-05	0.001593198
337.1	7.469179616	1567.451399	1.15912E-07	0.480063911	1.131289993	7.2711E-05	0.001594145
337.2	7.482091989	1568.198962	1.15899E-07	0.479800649	1.133064708	7.26595E-05	0.001595095
337.3	7.495114062	1568.947821	1.15886E-07	0.479536993	1.134854467	7.26079E-05	0.00159605
337.4	7.508247466	1569.697988	1.15873E-07	0.479272938	1.136659493	7.25562E-05	0.001597009
337.5	7.521493868	1570.449474	1.1586E-07	0.479008478	1.138480017	7.25044E-05	0.001597971
337.6	7.534854963	1571.202291	1.15847E-07	0.47874361	1.140316274	7.24525E-05	0.001598938
337.7	7.548332484	1571.956449	1.15834E-07	0.478478329	1.142168501	7.24005E-05	0.001599909
337.8	7.561928196	1572.711961	1.15821E-07	0.47821263	1.144036943	7.23483E-05	0.001600883
337.9	7.575643901	1573.468839	1.15808E-07	0.477946509	1.145921847	7.22961E-05	0.001601862
338	    7.589481437	1574.227094	1.15796E-07	0.47767996	1.147823466	7.22437E-05	0.001602846
338.1	7.603442677	1574.986739	1.15783E-07	0.47741298	1.14974206	7.21912E-05	0.001603833
338.2	7.617529535	1575.747787	1.1577E-07	0.477145562	1.15167789	7.21386E-05	0.001604825
338.3	7.631743961	1576.510249	1.15757E-07	0.476877702	1.153631226	7.20859E-05	0.00160582
338.4	7.646087945	1577.27414	1.15744E-07	0.476609396	1.155602341	7.2033E-05	0.001606821
338.5	7.660563518	1578.039471	1.15731E-07	0.476340638	1.157591515	7.19801E-05	0.001607825
338.6	7.675172751	1578.806257	1.15719E-07	0.476071423	1.159599031	7.1927E-05	0.001608835
338.7	7.689917759	1579.574511	1.15706E-07	0.475801746	1.161625181	7.18738E-05	0.001609848
338.8	7.704800698	1580.344245	1.15693E-07	0.475531602	1.16367026	7.18204E-05	0.001610866
338.9	7.719823769	1581.115475	1.1568E-07	0.475260986	1.165734571	7.17669E-05	0.001611889
339	    7.734989219	1581.888215	1.15668E-07	0.474989893	1.16781842	7.17133E-05	0.001612917
339.1	7.750299339	1582.662478	1.15655E-07	0.474718317	1.169922123	7.16596E-05	0.001613949
339.2	7.765756469	1583.43828	1.15642E-07	0.474446254	1.172045999	7.16058E-05	0.001614985
339.3	7.781362994	1584.215634	1.1563E-07	0.474173697	1.174190376	7.15518E-05	0.001616027
339.4	7.797121352	1584.994557	1.15617E-07	0.473900643	1.176355585	7.14976E-05	0.001617073
339.5	7.813034029	1585.775064	1.15604E-07	0.473627084	1.178541968	7.14434E-05	0.001618125
339.6	7.829103562	1586.557169	1.15592E-07	0.473353018	1.180749869	7.1389E-05	0.001619181
339.7	7.845332541	1587.34089	1.15579E-07	0.473078437	1.182979643	7.13344E-05	0.001620242
339.8	7.861723611	1588.126241	1.15566E-07	0.472803337	1.18523165	7.12797E-05	0.001621308
339.9	7.87827947	1588.91324	1.15554E-07	0.472527712	1.187506257	7.12249E-05	0.001622379
340	    7.895002873	1589.701903	1.15541E-07	0.472251558	1.18980384	7.11699E-05	0.001623456
340.1	7.911896631	1590.492246	1.15529E-07	0.471974868	1.19212478	7.11148E-05	0.001624538
340.2	7.928963615	1591.284288	1.15516E-07	0.471697638	1.194469467	7.10595E-05	0.001625625
340.3	7.946206756	1592.078045	1.15504E-07	0.471419862	1.196838299	7.10041E-05	0.001626717
340.4	7.963629044	1592.873535	1.15491E-07	0.471141535	1.199231681	7.09485E-05	0.001627815
340.5	7.981233535	1593.670777	1.15479E-07	0.470862652	1.201650026	7.08928E-05	0.001628918
340.6	7.999023347	1594.469788	1.15466E-07	0.470583208	1.204093758	7.08369E-05	0.001630026
340.7	8.017001663	1595.270588	1.15454E-07	0.470303197	1.206563304	7.07809E-05	0.001631141
340.8	8.035171733	1596.073195	1.15441E-07	0.470022615	1.209059105	7.07247E-05	0.001632261
340.9	8.053536875	1596.877628	1.15429E-07	0.469741456	1.211581608	7.06683E-05	0.001633386
341	    8.07210048	1597.683909	1.15416E-07	0.469459715	1.214131268	7.06118E-05	0.001634518
341.1	8.090866006	1598.492055	1.15404E-07	0.469177388	1.216708551	7.05551E-05	0.001635655
341.2	8.109836986	1599.302089	1.15391E-07	0.46889447	1.219313932	7.04983E-05	0.001636798
341.3	8.129017029	1600.11403	1.15379E-07	0.468610955	1.221947894	7.04413E-05	0.001637947
341.4	8.148409817	1600.927899	1.15367E-07	0.468326839	1.224610931	7.03841E-05	0.001639102
341.5	8.168019113	1601.743719	1.15354E-07	0.468042118	1.227303545	7.03267E-05	0.001640264
341.6	8.187848757	1602.56151	1.15342E-07	0.467756786	1.230026251	7.02691E-05	0.001641431
341.7	8.207902674	1603.381296	1.1533E-07	0.46747084	1.232779572	7.02114E-05	0.001642605
341.8	8.22818487	1604.203099	1.15317E-07	0.467184275	1.23556404	7.01535E-05	0.001643785
341.9	8.248699435	1605.026941	1.15305E-07	0.466897087	1.238380201	7.00954E-05	0.001644972
342	    8.269450548	1605.852846	1.15293E-07	0.466609271	1.24122861	7.00372E-05	0.001646165
342.1	8.290442477	1606.680839	1.1528E-07	0.466320824	1.244109831	6.99787E-05	0.001647365
342.2	8.311679581	1607.510943	1.15268E-07	0.466031742	1.247024444	6.992E-05	0.001648571
342.3	8.33316631	1608.343183	1.15256E-07	0.465742021	1.249973034	6.98612E-05	0.001649785
342.4	8.354907211	1609.177585	1.15244E-07	0.465451657	1.252956204	6.98022E-05	0.001651005
342.5	8.376906928	1610.014173	1.15231E-07	0.465160648	1.255974565	6.97429E-05	0.001652232
342.6	8.399170204	1610.852975	1.15219E-07	0.46486899	1.25902874	6.96835E-05	0.001653466
342.7	8.421701883	1611.694016	1.15207E-07	0.46457668	1.262119365	6.96238E-05	0.001654707
342.8	8.444506914	1612.537324	1.15195E-07	0.464283715	1.26524709	6.9564E-05	0.001655956
342.9	8.467590351	1613.382927	1.15183E-07	0.463990092	1.268412575	6.95039E-05	0.001657212
343	    8.490957357	1614.230852	1.15171E-07	0.46369581	1.271616496	6.94437E-05	0.001658475
343.1	8.514613206	1615.081128	1.15158E-07	0.463400866	1.274859538	6.93832E-05	0.001659746
343.2	8.538563285	1615.933784	1.15146E-07	0.463105258	1.278142404	6.93225E-05	0.001661024
343.3	8.562813097	1616.788851	1.15134E-07	0.462808984	1.281465807	6.92616E-05	0.001662311
343.4	8.587368264	1617.646357	1.15122E-07	0.462512043	1.284830477	6.92004E-05	0.001663605
343.5	8.612234529	1618.506335	1.1511E-07	0.462214434	1.288237156	6.91391E-05	0.001664907
343.6	8.637417756	1619.368815	1.15098E-07	0.461916156	1.291686601	6.90775E-05	0.001666217
343.7	8.66292394	1620.233829	1.15086E-07	0.461617208	1.295179584	6.90156E-05	0.001667535
343.8	8.688759203	1621.10141	1.15074E-07	0.46131759	1.298716892	6.89536E-05	0.001668861
343.9	8.714929799	1621.971592	1.15062E-07	0.461017302	1.302299328	6.88913E-05	0.001670196
344	    8.741442117	1622.844408	1.1505E-07	0.460716344	1.305927708	6.88287E-05	0.001671539
344.1	8.768302685	1623.719892	1.15038E-07	0.460414718	1.309602867	6.87659E-05	0.001672891
344.2	8.795518172	1624.59808	1.15026E-07	0.460112423	1.313325653	6.87029E-05	0.001674252
344.3	8.823095392	1625.479008	1.15014E-07	0.459809462	1.317096934	6.86396E-05	0.001675622
344.4	8.851041304	1626.362711	1.15002E-07	0.459505836	1.320917591	6.8576E-05	0.001677
344.5	8.87936302	1627.249228	1.1499E-07	0.459201548	1.324788525	6.85122E-05	0.001678388
344.6	8.908067807	1628.138597	1.14978E-07	0.4588966	1.328710651	6.84482E-05	0.001679785
344.7	8.937163087	1629.030855	1.14966E-07	0.458590995	1.332684906	6.83838E-05	0.001681192
344.8	8.965683207	1629.914507	1.14956E-07	0.419348105	1.460789405	6.83249E-05	0.001682488
344.9	13.8990756	2597.730718	2.27166E-07	0.121011921	2.654054351	2.31075E-05	0.009830848
345	    13.78774059	2599.11504	2.27576E-07	0.120666629	2.640246647	2.31067E-05	0.009848884
345.1	13.67866296	2600.488341	2.27983E-07	0.120326804	2.626683914	2.31061E-05	0.009866793
345.2	13.57178507	2601.850846	2.28388E-07	0.119992329	2.613361095	2.31055E-05	0.009884578
345.3	13.46705078	2603.20277	2.28792E-07	0.119663088	2.600273226	2.3105E-05	0.00990224
345.4	13.36440548	2604.544326	2.29193E-07	0.119338969	2.587415433	2.31046E-05	0.009919783
345.5	13.26379598	2605.875719	2.29592E-07	0.11901986	2.574782927	2.31043E-05	0.009937207
345.6	13.16517053	2607.197151	2.29989E-07	0.118705654	2.562371011	2.3104E-05	0.009954517
345.7	13.06847874	2608.508817	2.30384E-07	0.118396245	2.550175071	2.31038E-05	0.009971713
345.8	12.97367157	2609.810909	2.30777E-07	0.11809153	2.538190579	2.31036E-05	0.009988798
345.9	12.88070128	2611.103613	2.31169E-07	0.117791407	2.526413092	2.31035E-05	0.010005775
346	    12.78952141	2612.387109	2.31558E-07	0.117495777	2.51483825	2.31035E-05	0.010022644
346.1	12.70008673	2613.661575	2.31946E-07	0.117204543	2.503461775	2.31036E-05	0.010039409
346.2	12.61235322	2614.927183	2.32332E-07	0.11691761	2.49227947	2.31036E-05	0.01005607
346.3	12.52627803	2616.184101	2.32716E-07	0.116634887	2.481287217	2.31038E-05	0.010072631
346.4	12.44181946	2617.432493	2.33099E-07	0.116356282	2.470480981	2.3104E-05	0.010089092
346.5	12.35893691	2618.672518	2.33479E-07	0.116081706	2.4598568	2.31043E-05	0.010105456
346.6	12.27759087	2619.904332	2.33858E-07	0.115811074	2.449410792	2.31046E-05	0.010121724
346.7	12.19774289	2621.128086	2.34236E-07	0.1155443	2.439139151	2.3105E-05	0.010137898
346.8	12.11935554	2622.343929	2.34612E-07	0.115281302	2.429038144	2.31054E-05	0.01015398
346.9	12.04239238	2623.552004	2.34986E-07	0.115021999	2.419104114	2.31059E-05	0.010169971
347	    11.96681797	2624.752454	2.35359E-07	0.114766312	2.409333474	2.31064E-05	0.010185873
347.1   11.89259779	2625.945413	2.3573E-07	0.114514164	2.399722713	2.3107E-05	0.010201688
347.2	11.81969826	2627.131017	2.361E-07	0.11426548	2.390268387	2.31076E-05	0.010217416
347.3	11.74808668	2628.309396	2.36469E-07	0.114020185	2.380967122	2.31083E-05	0.01023306
347.4	11.67773123	2629.480676	2.36836E-07	0.113778209	2.371815616	2.3109E-05	0.01024862
347.5	11.60860096	2630.644983	2.37201E-07	0.11353948	2.36281063	2.31098E-05	0.010264099
347.6	11.54066572	2631.802436	2.37565E-07	0.113303931	2.353948996	2.31106E-05	0.010279497
347.7	11.47389618	2632.953155	2.37928E-07	0.113071493	2.345227609	2.31115E-05	0.010294816
347.8	11.40826378	2634.097254	2.3829E-07	0.112842102	2.336643428	2.31123E-05	0.010310058
347.9	11.34374075	2635.234845	2.3865E-07	0.112615694	2.328193477	2.31133E-05	0.010325223
348	    11.28030004	2636.366038	2.39009E-07	0.112392206	2.319874843	2.31143E-05	0.010340312
348.1	11.21791533	2637.49094	2.39366E-07	0.112171577	2.311684674	2.31153E-05	0.010355328
348.2	11.156561	2638.609655	2.39723E-07	0.111953749	2.303620176	2.31163E-05	0.01037027
348.3	11.09621213	2639.722286	2.40078E-07	0.111738662	2.295678619	2.31174E-05	0.010385141
348.4	11.03684444	2640.82893	2.40432E-07	0.11152626	2.287857329	2.31186E-05	0.010399941
348.5	10.97843433	2641.929686	2.40785E-07	0.111316488	2.280153689	2.31198E-05	0.010414672
348.6	10.9209588	2643.024648	2.41136E-07	0.111109291	2.272565139	2.3121E-05	0.010429334
348.7	10.86439549	2644.113908	2.41487E-07	0.110904618	2.265089176	2.31222E-05	0.010443929
348.8	10.80872263	2645.197557	2.41836E-07	0.110702416	2.25772335	2.31235E-05	0.010458457
348.9	10.75391902	2646.275682	2.42184E-07	0.110502635	2.250465265	2.31248E-05	0.01047292
349	    10.69996404	2647.348369	2.42531E-07	0.110305226	2.243312578	2.31262E-05	0.010487318
349.1	10.64683761	2648.415702	2.42877E-07	0.110110142	2.236262997	2.31275E-05	0.010501653
349.2	10.59452021	2649.477764	2.43222E-07	0.109917335	2.229314282	2.3129E-05	0.010515925
349.3	10.54299281	2650.534633	2.43566E-07	0.10972676	2.222464242	2.31304E-05	0.010530135
349.4	10.49223691	2651.586388	2.43909E-07	0.109538373	2.215710735	2.31319E-05	0.010544285
349.5	10.44223449	2652.633105	2.44251E-07	0.10935213	2.209051667	2.31334E-05	0.010558375
349.6	10.39296802	2653.674859	2.44592E-07	0.109167988	2.202484991	2.3135E-05	0.010572405
349.7	10.34442044	2654.711723	2.44932E-07	0.108985907	2.196008708	2.31365E-05	0.010586378
349.8	10.29657514	2655.743767	2.45271E-07	0.108805846	2.189620861	2.31381E-05	0.010600293
349.9	10.24941594	2656.771061	2.45609E-07	0.108627765	2.18331954	2.31398E-05	0.010614151
350	    10.20292712	2657.793672	2.45946E-07	0.108451627	2.177102878	2.31414E-05	0.010627953
