280	    5.07335529
280.1   5.074873095
280.2	5.076394093
280.3	5.077918295
280.4	5.079445711
280.5	5.080976351
280.6	5.082510227
280.7	5.084047348
280.8	5.085587726
280.9	5.087131371
281	    5.088678293
281.1	5.090228505
281.2	5.091782016
281.3	5.093338838
281.4	5.094898981
281.5	5.096462457
281.6	5.098029277
281.7	5.099599452
281.8	5.101172993
281.9	5.102749911
282	    5.104330218
282.1	5.105913925
282.2	5.107501043
282.3	5.109091584
282.4	5.11068556
282.5	5.112282982
282.6	5.113883862
282.7	5.115488211
282.8	5.117096042
282.9	5.118707365
283	    5.120322193
283.1	5.121940539
283.2	5.123562413
283.3	5.125187828
283.4	5.126816796
283.5	5.128449329
283.6	5.130085439
283.7	5.13172514
283.8	5.133368442
283.9	5.135015359
284	    5.136665903
284.1	5.138320086
284.2	5.139977921
284.3	5.141639421
284.4	5.143304599
284.5	5.144973467
284.6	5.146646038
284.7	5.148322325
284.8	5.150002341
284.9	5.151686099
285	    5.153373612
285.1	5.155064894
285.2	5.156759958
285.3	5.158458816
285.4	5.160161482
285.5	5.161867971
285.6	5.163578294
285.7	5.165292467
285.8	5.167010502
285.9	5.168732413
286	    5.170458215
286.1	5.17218792
286.2	5.173921543
286.3	5.175659098
286.4	5.177400598
286.5	5.179146059
286.6	5.180895494
286.7	5.182648918
286.8	5.184406345
286.9	5.186167789
287	    5.187933265
287.1	5.189702787
287.2	5.191476371
287.3	5.19325403
287.4	5.19503578
287.5	5.196821636
287.6	5.198611612
287.7	5.200405724
287.8	5.202203987
287.9	5.204006416
288	    5.205813026
288.1	5.207623833
288.2	5.209438852
288.3	5.211258098
288.4	5.213081588
288.5	5.214909336
288.6	5.21674136
288.7	5.218577674
288.8	5.220418294
288.9	5.222263237
289	    5.224112518
289.1	5.225966155
289.2	5.227824162
289.3	5.229686558
289.4	5.231553357
289.5	5.233424576
289.6	5.235300233
289.7	5.237180344
289.8	5.239064925
289.9	5.240953994
290	    5.242847568
290.1	5.244745663
290.2	5.246648297
290.3	5.248555487
290.4	5.250467251
290.5	5.252383606
290.6	5.254304569
290.7	5.256230158
290.8	5.258160392
290.9	5.260095287
291	    5.262034862
291.1	5.263979134
291.2	5.265928123
291.3	5.267881845
291.4	5.26984032
291.5	5.271803566
291.6	5.273771601
291.7	5.275744445
291.8	5.277722115
291.9	5.279704631
292	    5.281692011
292.1	5.283684275
292.2	5.285681442
292.3	5.287683531
292.4	5.289690562
292.5	5.291702553
292.6	5.293719525
292.7	5.295741497
292.8	5.29776849
292.9	5.299800522
293	    5.301837614
293.1	5.303879787
293.2	5.30592706
293.3	5.307979453
293.4	5.310036988
293.5	5.312099685
293.6	5.314167564
293.7	5.316240647
293.8	5.318318955
293.9	5.320402508
294	    5.322491327
294.1	5.324585434
294.2	5.326684851
294.3	5.328789599
294.4	5.3308997
294.5	5.333015175
294.6	5.335136047
294.7	5.337262337
294.8	5.339394067
294.9	5.341531261
295	    5.34367394
295.1	5.345822128
295.2	5.347975846
295.3	5.350135117
295.4	5.352299965
295.5	5.354470413
295.6	5.356646484
295.7	5.3588282
295.8	5.361015587
295.9	5.363208667
296	    5.365407464
296.1	5.367612003
296.2	5.369822306
296.3	5.372038399
296.4	5.374260306
296.5	5.376488051
296.6	5.378721659
296.7	5.380961154
296.8	5.383206563
296.9	5.385457908
297	    5.387715217
297.1	5.389978514
297.2	5.392247825
297.3	5.394523176
297.4	5.396804592
297.5	5.399092099
297.6	5.401385724
297.7	5.403685493
297.8	5.405991432
297.9	5.408303567
298	    5.410621927
298.1	5.412946537
298.2	5.415277425
298.3	5.417614618
298.4	5.419958143
298.5	5.422308029
298.6	5.424664302
298.7	5.427026992
298.8	5.429396125
298.9	5.43177173
299	    5.434153836
299.1	5.436542471
299.2	5.438937665
299.3	5.441339445
299.4	5.443747842
299.5	5.446162885
299.6	5.448584602
299.7	5.451013025
299.8	5.453448182
299.9	5.455890104
300	    5.458338822
300.1	5.460794365
300.2	5.463256764
300.3	5.46572605
300.4	5.468202254
300.5	5.470685408
300.6	5.473175542
300.7	5.475672689
300.8	5.47817688
300.9	5.480688147
301	    5.483206522
301.1	5.485732039
301.2	5.488264729
301.3	5.490804625
301.4	5.493351761
301.5	5.495906169
301.6	5.498467884
301.7	5.501036938
301.8	5.503613366
301.9	5.506197201
302	    5.508788479
302.1	5.511387234
302.2	5.5139935
302.3	5.516607312
302.4	5.519228706
302.5	5.521857718
302.6	5.524494382
302.7	5.527138735
302.8	5.529790813
302.9	5.532450652
303	    5.535118288
303.1	5.53779376
303.2	5.540477104
303.3	5.543168356
303.4	5.545867556
303.5	5.54857474
303.6	5.551289946
303.7	5.554013214
303.8	5.556744581
303.9	5.559484087
304	    5.56223177
304.1	5.56498767
304.2	5.567751827
304.3	5.57052428
304.4	5.573305069
304.5	5.576094235
304.6	5.578891819
304.7	5.581697861
304.8	5.584512403
304.9	5.587335486
305	    5.590167152
305.1	5.593007444
305.2	5.595856402
305.3	5.598714071
305.4	5.601580492
305.5	5.60445571
305.6	5.607339767
305.7	5.610232708
305.8	5.613134576
305.9	5.616045416
306	    5.618965273
306.1	5.621894191
306.2	5.624832216
306.3	5.627779394
306.4	5.63073577
306.5	5.633701391
306.6	5.636676302
306.7	5.639660552
306.8	5.642654187
306.9	5.645657255
307	    5.648669804
307.1	5.651691881
307.2	5.654723536
307.3	5.657764817
307.4	5.660815773
307.5	5.663876455
307.6	5.666946911
307.7	5.670027192
307.8	5.673117349
307.9	5.676217433
308	    5.679327495
308.1	5.682447586
308.2	5.685577758
308.3	5.688718065
308.4	5.691868559
308.5	5.695029293
308.6	5.69820032
308.7	5.701381694
308.8	5.70457347
308.9	5.707775702
309	    5.710988446
309.1	5.714211757
309.2	5.71744569
309.3	5.720690302
309.4	5.72394565
309.5	5.727211791
309.6	5.730488782
309.7	5.733776681
309.8	5.737075546
309.9	5.740385437
310	    5.743706412
310.1	5.74703853
310.2	5.750381853
310.3	5.75373644
310.4	5.757102353
310.5	5.760479653
310.6	5.763868401
310.7	5.76726866
310.8	5.770680492
310.9	5.774103962
311	    5.777539132
311.1	5.780986066
311.2	5.78444483
311.3	5.787915488
311.4	5.791398106
311.5	5.79489275
311.6	5.798399487
311.7	5.801918384
311.8	5.805449507
311.9	5.808992927
312	    5.81254871
312.1	5.816116926
312.2	5.819697645
312.3	5.823290937
312.4	5.826896873
312.5	5.830515524
312.6	5.834146961
312.7	5.837791258
312.8	5.841448486
312.9	5.84511872
313	    5.848802034
313.1	5.852498502
313.2	5.856208199
313.3	5.859931201
313.4	5.863667585
313.5	5.867417427
313.6	5.871180805
313.7	5.874957798
313.8	5.878748483
313.9	5.882552941
314	    5.886371252
314.1	5.890203495
314.2	5.894049753
314.3	5.897910107
314.4	5.90178464
314.5	5.905673436
314.6	5.909576578
314.7	5.91349415
314.8	5.917426239
314.9	5.92137293
315	    5.925334309
315.1   5.929310465
315.2	5.933301485
315.3	5.937307458
315.4	5.941328473
315.5	5.945364622
315.6	5.949415994
315.7	5.953482682
315.8	5.957564778
315.9	5.961662376
316	    5.965775569
316.1   5.969904453
316.2	5.974049122
316.3	5.978209674
316.4	5.982386206
316.5	5.986578815
316.6	5.990787601
316.7	5.995012663
316.8	5.999254103
316.9	6.00351202
317	    6.007786519
317.1	6.012077701
317.2	6.016385672
317.3	6.020710535
317.4	6.025052397
317.5	6.029411365
317.6	6.033787547
317.7	6.03818105
317.8	6.042591985
317.9	6.047020462
318	    6.051466593
318.1	6.05593049
318.2	6.060412268
318.3	6.06491204
318.4	6.069429921
318.5	6.07396603
318.6	6.078520483
318.7	6.083093399
318.8	6.087684898
318.9	6.092295101
319	    6.09692413
319.1	6.101572108
319.2	6.106239159
319.3	6.110925409
319.4	6.115630984
319.5	6.120356012
319.6	6.125100622
319.7	6.129864944
319.8	6.13464911
319.9	6.139453251
320	    6.144277503
320.1	6.149121999
320.2	6.153986877
320.3	6.158872275
320.4	6.163778331
320.5	6.168705185
320.6	6.17365298
320.7	6.178621859
320.8	6.183611966
320.9	6.188623447
321	    6.19365645
321.1	6.198711123
321.2	6.203787618
321.3	6.208886085
321.4	6.214006678
321.5	6.219149552
321.6	6.224314864
321.7	6.229502772
321.8	6.234713435
321.9	6.239947014
322	    6.245203674
322.1	6.250483577
322.2	6.255786892
322.3	6.261113786
322.4	6.266464428
322.5	6.271838991
322.6	6.277237648
322.7	6.282660574
322.8	6.288107947
322.9	6.293579946
323	    6.299076752
323.1	6.304598547
323.2	6.310145517
323.3	6.315717849
323.4	6.321315732
323.5	6.326939357
323.6	6.332588917
323.7	6.338264609
323.8	6.343966628
323.9	6.349695176
324	    6.355450455
324.1	6.361232668
324.2	6.367042023
324.3	6.372878728
324.4	6.378742996
324.5	6.384635039
324.6	6.390555076
324.7	6.396503324
324.8	6.402480005
324.9	6.408485343
325	    6.414519566
325.1	6.420582903
325.2	6.426675585
325.3	6.432797849
325.4	6.438949932
325.5	6.445132075
325.6	6.451344521
325.7	6.457587519
325.8	6.463861316
325.9	6.470166168
326	    6.476502328
326.1	6.482870058
326.2	6.489269619
326.3	6.495701278
326.4	6.502165304
326.5	6.508661969
326.6	6.515191549
326.7	6.521754326
326.8	6.528350582
326.9	6.534980604
327	    6.541644684
327.1	6.548343116
327.2	6.5550762
327.3	6.561844237
327.4	6.568647535
327.5	6.575486404
327.6	6.58236116
327.7	6.589272122
327.8	6.596219615
327.9	6.603203965
328	    6.610225507
328.1	6.617284577
328.2	6.624381518
328.3	6.631516677
328.4	6.638690406
328.5	6.645903061
328.6	6.653155004
328.7	6.660446602
328.8	6.667778229
328.9	6.675150261
329	    6.682563082
329.1	6.690017081
329.2	6.697512653
329.3	6.705050197
329.4	6.712630121
329.5	6.720252836
329.6	6.727918761
329.7	6.735628321
329.8	6.743381947
329.9	6.751180078
330	    6.759023157
330.1	6.766911636
330.2	6.774845973
330.3	6.782826634
330.4	6.790854091
330.5	6.798928823
330.6	6.807051319
330.7	6.815222074
330.8	6.823441591
330.9	6.83171038
331	    6.840028961
331.1	6.848397861
331.2	6.856817616
331.3	6.865288771
331.4	6.87381188
331.5	6.882387504
331.6	6.891016215
331.7	6.899698596
331.8	6.908435236
331.9	6.917226735
332	    6.926073705
332.1   6.934976767
332.2	6.943936551
332.3	6.952953699
332.4	6.962028864
332.5	6.97116271
332.6	6.980355912
332.7	6.989609157
332.8	6.998923143
332.9	7.008298581
333	    7.017736194
333.1	7.027236717
333.2	7.036800899
333.3	7.046429501
333.4	7.056123299
333.5	7.065883079
333.6	7.075709647
333.7	7.085603817
333.8	7.095566422
333.9	7.105598307
334	    7.115700336
334.1	7.125873383
334.2	7.136118343
334.3	7.146436125
334.4	7.156827655
334.5	7.167293874
334.6	7.177835744
334.7	7.188454241
334.8	7.199150362
334.9	7.209925121
335	    7.220779551
335.1	7.231714703
335.2	7.24273165
335.3	7.253831484
335.4	7.265015317
335.5	7.276284284
335.6	7.287639538
335.7	7.299082257
335.8	7.31061364
335.9	7.322234909
336	    7.33394731
336.1	7.345752111
336.2	7.357650608
336.3	7.369644118
336.4	7.381733986
336.5	7.393921582
336.6	7.406208304
336.7	7.418595574
336.8	7.431084845
336.9	7.443677598
337	    7.456375342
337.1	7.469179616
337.2	7.482091989
337.3	7.495114062
337.4	7.508247466
337.5	7.521493868
337.6	7.534854963
337.7	7.548332484
337.8	7.561928196
337.9	7.575643901
338	    7.589481437
338.1	7.603442677
338.2	7.617529535
338.3	7.631743961
338.4	7.646087945
338.5	7.660563518
338.6	7.675172751
338.7	7.689917759
338.8	7.704800698
338.9	7.719823769
339	    7.734989219
339.1	7.750299339
339.2	7.765756469
339.3	7.781362994
339.4	7.797121352
339.5	7.813034029
339.6	7.829103562
339.7	7.845332541
339.8	7.861723611
339.9	7.87827947
340	    7.895002873
340.1	7.911896631
340.2	7.928963615
340.3	7.946206756
340.4	7.963629044
340.5	7.981233535
340.6	7.999023347
340.7	8.017001663
340.8	8.035171733
340.9	8.053536875
341	    8.07210048
341.1	8.090866006
341.2	8.109836986
341.3	8.129017029
341.4	8.148409817
341.5	8.168019113
341.6	8.187848757
341.7	8.207902674
341.8	8.22818487
341.9	8.248699435
342	    8.269450548
342.1	8.290442477
342.2	8.311679581
342.3	8.33316631
342.4	8.354907211
342.5	8.376906928
342.6	8.399170204
342.7	8.421701883
342.8	8.444506914
342.9	8.467590351
343	    8.490957357
343.1	8.514613206
343.2	8.538563285
343.3	8.562813097
343.4	8.587368264
343.5	8.612234529
343.6	8.637417756
343.7	8.66292394
343.8	8.688759203
343.9	8.714929799
344	    8.741442117
344.1	8.768302685
344.2	8.795518172
344.3	8.823095392
344.4	8.851041304
344.5	8.87936302
344.6	8.908067807
344.7	8.937163087
344.8	8.965683207
344.9	13.8990756
345	    13.78774059
