324.313655
506109.983269
1193609.399898
15104.905592
35623.397869
3.849112
0.242193
0.000088
291.856304
313.085311
313.686893
381.010078
562.975683
5.240824
15.514666
301.880729
346.768498
347.911695
490.973462
983.258504
4.632923
6.454150
315.796880
347.800083
349.466822
559.851774
1405.827852
3.806786
3.606213
328.981282
347.820579
349.553005
568.353355
1464.610045
3.031457
2.761283
336.257050
347.580483
348.655267
483.301636
937.065447
2.597053
3.844091
340.951743
347.426809
348.194070
443.568582
732.654001
2.308723
4.824442
19467.012757
0.000000
25468.398819
4076.419164
6113.776798
6063.226234
61188.833772
